using System;
using System.Collections.Generic;
using System.Linq;
using System.Text;
using System.Threading.Tasks;

namespace Blobfish_11
{
    static class Placement
    { //TODO: För hårda värden.
        public static readonly double[,,] pawn =
        {
            { //Svarta bönder
                { 0f,    0f,    0f,    0f,   0f,   0f,    0f,    0f    }, //8
                { 0.5f,  0.6f,  0.7f,  0.8f, 0.8f, 0.7f,  0.6f,  0.5f  }, //7
                { 0.55f, 0.7f,  0.85f, 1f,   1f,   0.85f, 0.7f,  0.55f }, //6
                { 0.6f,  0.75f, 1f,    1.2f, 1.2f, 1f,    0.75f, 0.6f  }, //5
                { 0.7f,  0.9f,  1.2f,  1.4f, 1.4f, 1.2f,  0.9f,  0.7f  }, //4
                { 1f,    1.1f,  1.5f,  1.7f, 1.7f, 1.5f,  1.1f,  1f    }, //3
                { 1.9f,  2f,    2.1f,  2.2f, 2.2f, 2.1f,  2f,    1.9f  }, //2
                { 0f,    0f,    0f,    0f,   0f,   0f,    0f,    0f    }  //1
            },
            { //Vita bönder
                { 0f,    0f,    0f,    0f,   0f,   0f,    0f,    0f    }, //8
                { 1.9f,  2f,    2.1f,  2.2f, 2.2f, 2.1f,  2f,    1.9f  }, //7
                { 1f,    1.1f,  1.5f,  1.7f, 1.7f, 1.5f,  1.1f,  1f    }, //6
                { 0.7f,  0.9f,  1.2f,  1.4f, 1.4f, 1.2f,  0.9f,  0.7f  }, //5
                { 0.6f,  0.75f, 1f,    1.2f, 1.2f, 1f,    0.75f, 0.6f  }, //4
                { 0.55f, 0.7f,  0.85f, 1f,   1f,   0.85f, 0.7f,  0.55f }, //3
                { 0.5f,  0.6f,  0.7f,  0.8f, 0.8f, 0.7f,  0.6f,  0.5f  }, //2
                { 0f,    0f,    0f,    0f,   0f,   0f,    0f,    0f    }  //1
            }
        };
        public static readonly double[,] knight =
        {
            { 0.55f, 0.65f, 0.75f, 0.9f,  0.9f,  0.75f, 0.65f, 0.55f },
            { 0.65f, 0.8f,  1f,    1.05f, 1.05f, 1f,    0.8f,  0.65f },
            { 0.75f, 1f,    1.35f, 1.5f,  1.5f,  1.35f, 1f,    0.75f },
            { 0.9f,  1.05f, 1.5f,  1.6f,  1.6f,  1.5f,  1.05f, 0.9f  },
            { 0.9f,  1.05f, 1.5f,  1.6f,  1.6f,  1.5f,  1.05f, 0.9f  },
            { 0.75f, 1f,    1.35f, 1.5f,  1.5f,  1.35f, 1f,    0.75f },
            { 0.65f, 0.8f,  1f,    1.05f, 1.05f, 1f,    0.8f,  0.65f },
            { 0.55f, 0.65f, 0.75f, 0.9f,  0.9f,  0.75f, 0.65f, 0.55f }
        };
        public static readonly double[,] bishop =
        {
            { 1f,    0.95f, 0.85f, 0.8f,  0.8f,  0.85f, 0.95f, 1f    },
            { 0.95f, 1.1f,  1f,    0.85f, 0.85f, 1f,    1.1f,  0.95f },
            { 0.85f, 1f,    1.3f,  1.1f,  1.1f,  1.3f,  1f,    0.85f },
            { 0.8f,  0.85f, 1.1f,  1.5f,  1.5f,  1.1f,  0.85f, 0.8f  },
            { 0.8f,  0.85f, 1.1f,  1.5f,  1.5f,  1.1f,  0.85f, 0.8f  },
            { 0.85f, 1f,    1.3f,  1.1f,  1.1f,  1.3f,  1f,    0.85f },
            { 0.95f, 1.1f,  1f,    0.85f, 0.85f, 1f,    1.1f,  0.95f },
            { 1f,    0.95f, 0.85f, 0.8f,  0.8f,  0.85f, 0.95f, 1f    }
        };
        public static readonly double[,] rook =
        {
            { 0.85f, 0.9f,  0.95f, 1f,     1f,    0.95f, 0.9f,  0.85f, },
            { 0.9f,  0.95f, 1f,    1.05f,  1.05f, 1f,    0.95f, 0.9f,  },
            { 0.95f, 1f,    1.05f, 1.1f,   1.1f,  1.05f, 1f,    0.95f, },
            { 1f,    1.05f, 1.1f,  1.15f,  1.15f, 1.1f,  1.05f, 1f,    },
            { 1f,    1.05f, 1.1f,  1.15f,  1.15f, 1.1f,  1.05f, 1f,    },
            { 0.95f, 1f,    1.05f, 1.1f,   1.1f,  1.05f, 1f,    0.95f, },
            { 0.9f,  0.95f, 1f,    1.05f,  1.05f, 1f,    0.95f, 0.9f,  },
            { 0.85f, 0.9f,  0.95f, 1f,     1f,    0.95f, 0.9f,  0.85f, }
        };
        public static readonly double[,] queen =
        {
            { 0.93f, 0.93f, 0.90f, 0.90f, 0.90f, 0.90f, 0.93f, 0.93f},
            { 0.93f, 1.03f, 1.00f, 0.95f, 0.95f, 1.00f, 1.03f, 0.93f},
            { 0.90f, 1.00f, 1.18f, 1.10f, 1.10f, 1.18f, 1.00f, 0.90f},
            { 0.90f, 0.95f, 1.10f, 1.33f, 1.33f, 1.10f, 0.95f, 0.90f},
            { 0.90f, 0.95f, 1.10f, 1.33f, 1.33f, 1.10f, 0.95f, 0.90f},
            { 0.90f, 1.00f, 1.18f, 1.10f, 1.10f, 1.18f, 1.00f, 0.90f},
            { 0.93f, 1.03f, 1.00f, 0.95f, 0.95f, 1.00f, 1.03f, 0.93f},
            { 0.93f, 0.93f, 0.90f, 0.90f, 0.90f, 0.90f, 0.93f, 0.93f}
        };
    }

}
